nips2	0	276	1
nips2	0	40	3
nips2	0	183	0
nips2	0	51	3
nips2	0	226	1
nips2	0	121	1
nips2	0	345	0
nips2	0	109	3
nips2	0	144	1
nips2	0	284	3
nips56	0	63	1
nips56	0	53	1
nips56	0	142	1
nips56	0	210	0
nips56	0	250	1
nips56	0	122	1
nips56	0	111	1
nips56	0	211	1
nips56	0	79	1
nips56	0	348	0
nips56	0	119	1
nips56	0	169	2
nips56	0	144	0
nips56	0	171	1
nips13	0	127	0
nips13	0	225	3
nips13	0	213	1
nips13	0	9	3
nips13	0	2	2
nips13	0	78	1
nips13	0	218	3
nips13	0	12	2
nips13	0	41	2
nips13	0	211	3
nips13	0	77	1
nips13	0	10	2
nips13	0	235	2
nips5	0	22	2
nips5	0	90	3
nips5	0	154	2
nips5	0	284	3
nips5	0	218	3
nips5	0	5	2
nips18	0	63	2
nips18	0	79	2
nips18	0	180	1
nips18	0	162	0
nips18	0	157	1
nips18	0	253	0
nips18	0	202	0
nips18	0	103	1
nips18	0	145	1
nips18	0	34	1
nips18	0	56	1
nips18	0	89	2
nips18	0	132	1
nips18	0	169	1
nips18	0	19	1
nips18	0	311	1
nips18	0	195	0
nips63	0	197	1
nips63	0	233	1
nips63	0	85	1
nips63	0	225	2
nips63	0	181	0
nips63	0	53	2
nips63	0	160	0
nips63	0	9	2
nips63	0	109	1
nips63	0	294	1
nips63	0	177	1
nips63	0	43	0
nips63	0	140	0
nips63	0	110	1
nips147	0	55	2
nips128	0	221	0
nips128	0	28	0
nips128	0	39	1
nips128	0	36	1
nips128	0	303	0
nips128	0	26	0
nips128	0	17	1
nips128	0	59	0
nips128	0	356	0
nips128	0	163	1
nips128	0	98	1
nips128	0	106	0
nips128	0	338	0
nips128	0	16	2
nips128	0	340	1
nips128	0	260	0
nips35	0	67	0
nips35	0	53	1
nips35	0	29	1
nips35	0	100	1
nips35	0	110	1
nips35	0	197	1
nips35	0	74	0
nips35	0	286	2
nips35	0	39	1
nips35	0	14	1
nips35	0	69	2
nips35	0	229	1
nips35	0	321	0
nips35	0	340	1
nips35	0	187	0
nips35	0	195	0
nips16	0	152	1
nips16	0	104	2
nips16	0	147	0
nips16	0	221	0
nips16	0	334	1
nips16	0	127	1
nips16	0	28	1
nips16	0	283	0
nips16	0	83	1
nips16	0	188	3
nips16	0	201	1
nips16	0	49	2
nips16	0	29	1
nips16	0	235	0
nips34	0	159	1
nips34	0	90	3
nips34	0	142	0
nips34	0	70	2
nips34	0	332	1
nips34	0	108	3
nips34	0	13	0
nips34	0	284	3
nips34	0	43	1
nips34	0	275	2
nips14	0	190	1
nips14	0	221	1
nips14	0	333	3
nips14	0	326	0
nips14	0	163	1
nips14	0	98	0
nips14	0	209	3
nips14	0	87	0
nips14	0	34	0
nips14	0	24	0
nips14	0	44	2
nips14	0	133	1
nips14	0	100	1
nips83	0	128	0
nips83	0	63	1
nips83	0	95	1
nips83	0	26	1
nips83	0	122	0
nips83	0	9	1
nips83	0	143	1
nips83	0	42	1
nips83	0	348	1
nips83	0	174	0
nips83	0	30	1
nips83	0	169	1
nips145	0	102	3
nips145	0	107	3
nips36	0	99	3
nips36	0	98	3
nips36	0	304	1
nips36	0	39	3
nips93	0	11	2
nips93	0	251	3
nips93	0	94	0
nips93	0	108	3
nips93	0	91	1
nips93	0	12	2
nips93	0	2	1
nips93	0	296	3
nips93	0	145	2
nips93	0	72	0
nips93	0	224	3
nips93	0	44	2
nips93	0	235	2
nips22	0	271	1
nips22	0	328	0
nips22	0	283	0
nips22	0	236	0
nips22	0	99	2
nips22	0	354	0
nips22	0	154	0
nips22	0	34	1
nips22	0	106	1
nips22	0	132	3
nips22	0	178	0
nips22	0	43	0
nips22	0	86	0
nips22	0	311	0
nips10	0	159	0
nips10	0	90	2
nips10	0	70	0
nips10	0	192	0
nips10	0	108	1
nips10	0	299	0
nips10	0	218	0
nips10	0	211	1
nips10	0	353	0
nips10	0	87	1
nips10	0	294	0
nips10	0	214	0
nips10	0	257	2
nips52	0	271	1
nips52	0	251	3
nips52	0	204	0
nips52	0	295	3
nips52	0	115	1
nips52	0	58	2
nips52	0	99	2
nips52	0	296	2
nips52	0	132	1
nips52	0	340	2
nips52	0	13	0
nips52	0	44	1
nips52	0	55	1
nips88	0	53	0
nips88	0	142	2
nips88	0	122	2
nips88	0	114	2
nips88	0	79	1
nips88	0	119	2
nips88	0	34	2
nips88	0	56	1
nips88	0	89	2
nips88	0	19	2
nips88	0	157	2
nips88	0	311	1
nips0	0	238	2
nips0	0	272	1
nips0	0	57	1
nips0	0	282	3
nips0	0	183	3
nips0	0	81	1
nips0	0	66	2
nips0	0	31	2
nips0	0	343	3
nips139	0	85	0
nips139	0	276	2
nips139	0	40	2
nips139	0	183	0
nips139	0	58	1
nips139	0	193	0
nips139	0	226	2
nips139	0	322	0
nips139	0	121	3
nips139	0	154	0
nips139	0	337	0
nips139	0	144	2
nips139	0	224	1
nips139	0	235	1
nips139	0	100	0
nips40	0	271	0
nips40	0	67	3
nips40	0	286	3
nips40	0	142	3
nips40	0	58	0
nips40	0	17	1
nips40	0	79	3
nips40	0	176	3
nips40	0	34	1
nips40	0	106	0
nips40	0	101	1
nips40	0	16	3
nips40	0	10	3
nips40	0	19	1
nips144	0	87	3
nips144	0	217	3
nips144	0	275	3
nips17	0	271	1
nips17	0	251	3
nips17	0	221	1
nips17	0	309	3
nips17	0	108	2
nips17	0	78	1
nips17	0	12	2
nips17	0	211	2
nips17	0	269	1
nips17	0	172	1
nips17	0	296	3
nips17	0	340	2
nips17	0	224	3
nips17	0	44	1
nips17	0	100	3
nips1	0	11	2
nips1	0	225	2
nips1	0	71	1
nips1	0	214	1
nips1	0	186	0
nips1	0	255	1
nips1	0	133	1
nips1	0	299	1
nips1	0	211	2
nips1	0	313	0
nips1	0	176	3
nips1	0	163	2
nips1	0	137	1
nips1	0	49	2
nips1	0	73	1
nips1	0	216	1
nips45	0	282	3
nips45	0	78	2
nips45	0	12	2
nips45	0	109	3
nips45	0	42	1
nips45	0	145	2
nips45	0	219	3
nips45	0	24	3
nips45	0	66	1
nips45	0	284	3
nips26	0	271	1
nips26	0	70	0
nips26	0	330	1
nips26	0	61	0
nips26	0	122	1
nips26	0	58	2
nips26	0	202	0
nips26	0	79	2
nips26	0	119	1
nips26	0	34	1
nips26	0	169	1
nips26	0	132	1
nips26	0	10	1
nips26	0	19	1
nips26	0	311	0
nips103	0	197	0
nips103	0	251	2
nips103	0	225	2
nips103	0	9	3
nips103	0	108	3
nips103	0	211	2
nips103	0	254	2
nips103	0	209	1
nips103	0	337	0
nips103	0	24	2
nips103	0	214	1
nips103	0	23	2
nips103	0	224	2
nips103	0	55	2
nips3	0	39	0
nips3	0	250	1
nips3	0	198	0
nips3	0	188	3
nips3	0	231	2
nips3	0	16	0
nips3	0	255	2
nips3	0	100	1
nips3	0	270	0
nips3	0	187	3
nips29	0	234	3
nips29	0	75	0
nips29	0	332	1
nips29	0	91	0
nips29	0	108	2
nips29	0	22	2
nips29	0	212	2
nips29	0	294	2
nips29	0	337	3
nips29	0	255	0
nips29	0	43	0
nips29	0	264	2
nips29	0	29	2
nips11	0	154	1
nips11	0	318	2
nips11	0	236	2
nips11	0	267	2
nips11	0	305	2
nips11	0	48	2
nips79	0	90	3
nips79	0	118	1
nips79	0	280	0
nips79	0	71	2
nips79	0	282	2
nips79	0	109	3
nips79	0	22	3
nips79	0	87	1
nips79	0	174	2
nips79	0	284	3
nips79	0	29	2
nips4	0	27	0
nips4	0	189	1
nips4	0	63	2
nips4	0	95	0
nips4	0	213	0
nips4	0	122	1
nips4	0	119	1
nips4	0	99	1
nips4	0	174	1
nips4	0	354	0
nips4	0	169	2
nips4	0	19	1
nips4	0	43	1
nips4	0	13	0
nips4	0	311	0
